040000277755233
040000574600534
040000681337645
040000823537322
040000927146534
040000963638719
756710488074272
756712006074573
756712018039935
756712154013875
756712455090575
756713065011578
756713620026917
203XXXXXXXXXXX
276000917192098
276000947940349
276000803608138
276000809706945
276000811017046
276000910794565
276000911432723
276000913404342
276000914255847
276000914863883
276000915040032
276000915508121
276000917327047
276000919017499
276000919253926
276000922722988
276000925265555
276000926428551
276000926769689
276000928528600
276000929404092
276000932204616
276000932627221
276000932657399
276000932878499
276000933179301
276000933223030
276000933687502
276000933752613
276000933835752
276000933855292
276000934399962
276000934694674
276000935101102
276000935463615
276000936189219
276000936319703
276000936477017
276000936487534
276000936580580
276000937030561
276000937447484
276000937694254
276000937732019
276000937793170
276000937795843
276000937809494
276000938063849
276000938263111
276000938322620
276000938806653
276000939109211
276000939560629
276000939611602
276000940220038
276000940777732
276000940823906
276000941115399
276000942238113
276000946586289
276000947638535
276000979317838
276007600026785
