040000277755233
040000681337645
040000823537322
756712018039935
756713388027539
203XXXXXXXXXXX
276000917192098
276000947940349
276000803608138
276000910794565
276000912392042
276000913892370
276000914255847
276000914863883
276000915040032
276000918174246
276000918197733
276000918197923
276000918966927
276000919017499
276000919253926
276000919587582
276000920791856
276000926769689
276000928528600
276000929404092
276000932627221
276000932657399
276000932878499
276000932934199
276000933687502
276000933835752
276000935101102
276000935281577
276000935704715
276000936319703
276000937030561
276000937187135
276000937293240
276000937447484
276000937694254
276000937732019
276000937746688
276000937795843
276000937809494
276000938263111
276000938595455
276000940823906
276000941115399
276000941364903
276000942238113
276000946485312
276007600026785
